
<!-- saved from url=(0073)file:///C:/Users/Cl%C3%A9ment/Documents/GitHub/pythonProject/results.html -->
<html><head><meta http-equiv="Content-Type" content="text/html; charset=windows-1252"></head><body><table>
<tbody>
<tr><td>         </td><td>reference</td><td>p1.pdf</td><td>p10.pdf</td><td>p11.docx</td><td>p12.docx</td><td>p13.docx</td><td>p14.pdf</td><td>p15.pdf</td><td>p16.pdf</td><td>p17.docx</td><td>p19.pdf</td><td>p2.pdf</td><td>p20.pdf</td><td>p3.docx</td><td>p4.docx</td><td>p5.pdf</td><td>p6.docx</td><td>p7.pdf</td><td>p8.pdf</td><td>p9.pdf</td></tr>
<tr><td>reference</td><td>-1       </td><td>0.017 </td><td>0.005  </td><td>0.019   </td><td>0.017   </td><td>0.006   </td><td>0.019  </td><td>0.029  </td><td>0.011  </td><td>0.02    </td><td>0.029  </td><td>0.017 </td><td>0.018  </td><td>0.018  </td><td>0.062  </td><td>0.022 </td><td>0.017  </td><td>0.031 </td><td>0.026 </td><td>0.01  </td></tr>
<tr><td>p1.pdf   </td><td>0.017    </td><td>-1    </td><td>0.023  </td><td>0.222   </td><td>0.225   </td><td>0.043   </td><td>0.228  </td><td>0.245  </td><td>0.077  </td><td>0.206   </td><td>0.222  </td><td>0.065 </td><td>0.204  </td><td>0.209  </td><td>0.218  </td><td>0.194 </td><td>0.231  </td><td>0.255 </td><td>0.216 </td><td>0.026 </td></tr>
<tr><td>p10.pdf  </td><td>0.005    </td><td>0.023 </td><td>-1     </td><td>0.019   </td><td>0.02    </td><td>0.018   </td><td>0.027  </td><td>0.024  </td><td>0.031  </td><td>0.018   </td><td>0.027  </td><td>0.03  </td><td>0.026  </td><td>0.02   </td><td>0.022  </td><td>0.027 </td><td>0.022  </td><td>0.024 </td><td>0.026 </td><td>0.128 </td></tr>
<tr><td>p11.docx </td><td>0.019    </td><td>0.222 </td><td>0.019  </td><td>-1      </td><td>0.27    </td><td>0.046   </td><td>0.256  </td><td>0.247  </td><td>0.055  </td><td>0.29    </td><td>0.254  </td><td>0.067 </td><td>0.194  </td><td>0.287  </td><td>0.27   </td><td>0.277 </td><td>0.282  </td><td>0.305 </td><td>0.213 </td><td>0.03  </td></tr>
<tr><td>p12.docx </td><td>0.017    </td><td>0.225 </td><td>0.02   </td><td>0.27    </td><td>-1      </td><td>0.064   </td><td>0.233  </td><td>0.26   </td><td>0.047  </td><td>0.264   </td><td>0.241  </td><td>0.055 </td><td>0.198  </td><td>0.23   </td><td>0.263  </td><td>0.255 </td><td>0.308  </td><td>0.238 </td><td>0.231 </td><td>0.029 </td></tr>
<tr><td>p13.docx </td><td>0.006    </td><td>0.043 </td><td>0.018  </td><td>0.046   </td><td>0.064   </td><td>-1      </td><td>0.052  </td><td>0.055  </td><td>0.014  </td><td>0.053   </td><td>0.061  </td><td>0.023 </td><td>0.04   </td><td>0.045  </td><td>0.06   </td><td>0.053 </td><td>0.065  </td><td>0.052 </td><td>0.06  </td><td>0.027 </td></tr>
<tr><td>p14.pdf  </td><td>0.019    </td><td>0.228 </td><td>0.027  </td><td>0.256   </td><td>0.233   </td><td>0.052   </td><td>-1     </td><td>0.238  </td><td>0.072  </td><td>0.241   </td><td>0.239  </td><td>0.054 </td><td>0.214  </td><td>0.23   </td><td>0.224  </td><td>0.27  </td><td>0.266  </td><td>0.288 </td><td>0.222 </td><td>0.037 </td></tr>
<tr><td>p15.pdf  </td><td>0.029    </td><td>0.245 </td><td>0.024  </td><td>0.247   </td><td>0.26    </td><td>0.055   </td><td>0.238  </td><td>-1     </td><td>0.07   </td><td>0.238   </td><td>0.256  </td><td>0.05  </td><td>0.202  </td><td>0.212  </td><td>0.255  </td><td>0.258 </td><td>0.268  </td><td>0.236 </td><td>0.224 </td><td>0.033 </td></tr>
<tr><td>p16.pdf  </td><td>0.011    </td><td>0.077 </td><td>0.031  </td><td>0.055   </td><td>0.047   </td><td>0.014   </td><td>0.072  </td><td>0.07   </td><td>-1     </td><td>0.053   </td><td>0.07   </td><td>0.151 </td><td>0.071  </td><td>0.058  </td><td>0.061  </td><td>0.078 </td><td>0.053  </td><td>0.07  </td><td>0.066 </td><td>0.041 </td></tr>
<tr><td>p17.docx </td><td>0.02     </td><td>0.206 </td><td>0.018  </td><td>0.29    </td><td>0.264   </td><td>0.053   </td><td>0.241  </td><td>0.238  </td><td>0.053  </td><td>-1      </td><td>0.236  </td><td>0.05  </td><td>0.219  </td><td>0.25   </td><td>0.268  </td><td>0.259 </td><td>0.263  </td><td>0.281 </td><td>0.223 </td><td>0.026 </td></tr>
<tr><td>p19.pdf  </td><td>0.029    </td><td>0.222 </td><td>0.027  </td><td>0.254   </td><td>0.241   </td><td>0.061   </td><td>0.239  </td><td>0.256  </td><td>0.07   </td><td>0.236   </td><td>-1     </td><td>0.068 </td><td>0.206  </td><td>0.237  </td><td>0.251  </td><td>0.261 </td><td>0.307  </td><td>0.234 </td><td>0.243 </td><td>0.035 </td></tr>
<tr><td>p2.pdf   </td><td>0.017    </td><td>0.065 </td><td>0.03   </td><td>0.067   </td><td>0.055   </td><td>0.023   </td><td>0.054  </td><td>0.05   </td><td>0.151  </td><td>0.05    </td><td>0.068  </td><td>-1    </td><td>0.061  </td><td>0.054  </td><td>0.055  </td><td>0.066 </td><td>0.058  </td><td>0.071 </td><td>0.048 </td><td>0.033 </td></tr>
<tr><td>p20.pdf  </td><td>0.018    </td><td>0.204 </td><td>0.026  </td><td>0.194   </td><td>0.198   </td><td>0.04    </td><td>0.214  </td><td>0.202  </td><td>0.071  </td><td>0.219   </td><td>0.206  </td><td>0.061 </td><td>-1     </td><td>0.219  </td><td>0.201  </td><td>0.221 </td><td>0.223  </td><td>0.243 </td><td>0.187 </td><td>0.026 </td></tr>
<tr><td>p3.docx  </td><td>0.018    </td><td>0.209 </td><td>0.02   </td><td>0.287   </td><td>0.23    </td><td>0.045   </td><td>0.23   </td><td>0.212  </td><td>0.058  </td><td>0.25    </td><td>0.237  </td><td>0.054 </td><td>0.219  </td><td>-1     </td><td>0.255  </td><td>0.23  </td><td>0.263  </td><td>0.273 </td><td>0.235 </td><td>0.027 </td></tr>
<tr><td>p4.docx  </td><td>0.062    </td><td>0.218 </td><td>0.022  </td><td>0.27    </td><td>0.263   </td><td>0.06    </td><td>0.224  </td><td>0.255  </td><td>0.061  </td><td>0.268   </td><td>0.251  </td><td>0.055 </td><td>0.201  </td><td>0.255  </td><td>-1     </td><td>0.257 </td><td>0.241  </td><td>0.264 </td><td>0.236 </td><td>0.043 </td></tr>
<tr><td>p5.pdf   </td><td>0.022    </td><td>0.194 </td><td>0.027  </td><td>0.277   </td><td>0.255   </td><td>0.053   </td><td>0.27   </td><td>0.258  </td><td>0.078  </td><td>0.259   </td><td>0.261  </td><td>0.066 </td><td>0.221  </td><td>0.23   </td><td>0.257  </td><td>-1    </td><td>0.258  </td><td>0.256 </td><td>0.219 </td><td>0.047 </td></tr>
<tr><td>p6.docx  </td><td>0.017    </td><td>0.231 </td><td>0.022  </td><td>0.282   </td><td>0.308   </td><td>0.065   </td><td>0.266  </td><td>0.268  </td><td>0.053  </td><td>0.263   </td><td>0.307  </td><td>0.058 </td><td>0.223  </td><td>0.263  </td><td>0.241  </td><td>0.258 </td><td>-1     </td><td>0.274 </td><td>0.244 </td><td>0.03  </td></tr>
<tr><td>p7.pdf   </td><td>0.031    </td><td>0.255 </td><td>0.024  </td><td>0.305   </td><td>0.238   </td><td>0.052   </td><td>0.288  </td><td>0.236  </td><td>0.07   </td><td>0.281   </td><td>0.234  </td><td>0.071 </td><td>0.243  </td><td>0.273  </td><td>0.264  </td><td>0.256 </td><td>0.274  </td><td>-1    </td><td>0.224 </td><td>0.032 </td></tr>
<tr><td>p8.pdf   </td><td>0.026    </td><td>0.216 </td><td>0.026  </td><td>0.213   </td><td>0.231   </td><td>0.06    </td><td>0.222  </td><td>0.224  </td><td>0.066  </td><td>0.223   </td><td>0.243  </td><td>0.048 </td><td>0.187  </td><td>0.235  </td><td>0.236  </td><td>0.219 </td><td>0.244  </td><td>0.224 </td><td>-1    </td><td>0.034 </td></tr>
<tr><td>p9.pdf   </td><td>0.01     </td><td>0.026 </td><td>0.128  </td><td>0.03    </td><td>0.029   </td><td>0.027   </td><td>0.037  </td><td>0.033  </td><td>0.041  </td><td>0.026   </td><td>0.035  </td><td>0.033 </td><td>0.026  </td><td>0.027  </td><td>0.043  </td><td>0.047 </td><td>0.03   </td><td>0.032 </td><td>0.034 </td><td>-1    </td></tr>
</tbody>
</table></body></html>